1e-06
0.00034579310344827593
0.0006905862068965518
0.0010353793103448276
0.0013801724137931036
0.0017249655172413795
0.0020697586206896556
0.0024145517241379315
0.0027593448275862074
0.0031041379310344833
0.0034489310344827592
0.003793724137931035
0.004138517241379311
0.0044833103448275865
0.004828103448275863
0.005172896551724139
0.005517689655172415
0.00586248275862069
0.0062072758620689665
0.006552068965517243
0.006896862068965518
0.007241655172413794
0.00758644827586207
0.007931241379310346
0.008276034482758621
0.008620827586206897
0.008965620689655172
0.00931041379310345
0.009655206896551725
0.01
